1293710072000
1291093062000
1289136634000
1323596407000
1323368705000
1323193336000
1323044073000
1323019321000
1322541542000
1322125597000
1322000712000
1321808856000
1321389319000
1321380658000
1321365201000
1319893286000
1319720346000
1319393858000
1319209910000
1319094017000
1318461752000
1318294917000
1317254966000
1316878960000
1316541012000
1316451739000
1315966372000
1315755127000
1315701367000
1315577901000
1315573912000
1315572547000
1315554189000
1315543692000
1315520700000
1314883656000
1313972116000
1313769194000
1313711887000
1313650135000
1313499342000
1313135401000
1313096489000
1312837791000
1312836987000
1312794314000
1312793675000
1312541634000
1312472523000
1312402504000
1312272076000
1312172583000
1312107338000
1311851357000
1311747069000
1311110314000
1310913203000
1310880621000
1310466780000
1310445527000
1310375140000
1310119743000
1309879140000
1309852288000
1309558583000
1309433330000
1309371545000
1309201922000
1309096723000
1309028658000
1308904559000
1308836170000
1308816307000
1308787963000
1308785643000
1308722509000
1308709755000
1308695117000
1308682903000
1308654220000
1308626749000
1308611341000
1308608225000
1308598436000
1308591627000
1308586111000
1308567665000
1308565055000
1308541963000
1308527149000
1308524318000
1308515178000
1308513093000
1308402726000
1308334566000
1308304040000
1308284854000
1308252499000
1308248013000
1308242943000
1308232994000
1308230078000
1308227121000
1308214563000
1308185337000
1308129043000
1308093135000
1308083754000
1308037886000
1307914402000
1307890487000
1307861820000
1307790162000
1307723038000
1307653334000
1307641715000
1307633199000
1307626297000
1307556859000
1307552512000
1307511607000
1307477184000
1307447129000
1307407883000
1307189500000
1307114308000
1307103806000
1307100623000
1307099113000
1307085867000
1307018755000
1307009814000
1306914606000
1306848573000
1306696290000
1306684674000
1306438367000
1306224652000
1306137478000
1306137314000
1305883612000
1305650452000
1305643319000
1305624907000
1305579652000
1305525444000
1305307292000
1304963349000
1304372555000
1304263269000
1302749935000
1301929053000
1300172133000
1299628158000
1299613422000
1299436355000
1298350968000
1297296260000
1356476233000
1356123971000
1356000423000
1355864710000
1355837248000
1355579678000
1355081691000
1355081552000
1354622582000
1354584474000
1354581800000
1354579510000
1354406125000
1354211031000
1354144319000
1354058295000
1353931559000
1353892035000
1353638864000
1353344739000
1353102576000
1353078433000
1352167534000
1352162534000
1351906568000
1351810081000
1351724926000
1350803024000
1350680708000
1349986899000
1349906165000
1349755509000
1349407199000
1349270506000
1349200491000
1349135758000
1348884065000
1348542304000
1348414814000
1348317937000
1348315117000
1348289680000
1348257504000
1348255327000
1347895898000
1347619415000
1347277153000
1347037062000
1346950539000
1346903683000
1346894292000
1346856499000
1346819123000
1346686893000
1346442330000
1345682621000
1345650973000
1345568462000
1345421002000
1345151927000
1345061648000
1344901283000
1344712950000
1344613888000
1344388706000
1343814071000
1343754248000
1342828008000
1342604463000
1342491255000
1342464183000
1342168441000
1342141430000
1342030011000
1341929602000
1341758708000
1341399247000
1340051220000
1339877693000
1339780553000
1339464301000
1339163285000
1339029783000
1338400439000
1338200771000
1337598047000
1337311680000
1337232712000
1336310336000
1336051137000
1335975421000
1335954353000
1335838767000
1335366176000
1335271178000
1335204481000
1335019529000
1334556849000
1334300735000
1334058814000
1332937905000
1332690294000
1332272372000
1332191713000
1330105987000
1329694419000
1329668244000
1329616121000
1329318574000
1329217749000
1328515105000
1328500149000
1328273262000
1327887819000
1327667252000
1327556030000
1327183519000
1326957565000
1326876206000
1326745659000
1325819947000
1325807769000
1325499017000
1388423850000
1388409000000
1388358123000
1388346488000
1388312741000
1388298994000
1388250393000
1388225814000
1388200660000
1388200207000
1388196936000
1388190207000
1388183834000
1388181327000
1388176826000
1388172239000
1388172023000
1388171205000
1388161976000
1388152255000
1388097681000
1388084985000
1388078417000
1388011440000
1387987378000
1387951923000
1387921479000
1387912683000
1387889707000
1387869386000
1387855722000
1387855273000
1387728703000
1387684948000
1387684158000
1387681196000
1387660550000
1387645079000
1387591639000
1387582127000
1387510678000
1387498437000
1387497421000
1387492205000
1387487787000
1387486132000
1387470269000
1387469592000
1387465960000
1387454867000
1387451048000
1387436552000
1387429984000
1387421643000
1387409302000
1387408109000
1387403143000
1387403002000
1387402975000
1387399649000
1387398702000
1387393623000
1387393594000
1387391745000
1387391075000
1387385925000
1387385336000
1387385326000
1387379422000
1387362759000
1387338112000
1387336702000
1387335706000
1387332016000
1387320438000
1387314465000
1387309486000
1387306597000
1387300278000
1387282058000
1387276267000
1387272316000
1387257745000
1387253226000
1387252200000
1387248383000
1387247369000
1387247071000
1387245989000
1387239703000
1387239550000
1387239402000
1387232523000
1387221699000
1387219825000
1387218215000
1387201965000
1387201538000
1387199707000
1387145262000
1387138781000
1387135047000
1387104035000
1387099146000
1387098265000
1387051510000
1387043897000
1387039504000
1387014470000
1387008961000
1386988509000
1386977649000
1386973694000
1386969940000
1386959584000
1386957728000
1386955757000
1386934199000
1386927642000
1386906946000
1386905317000
1386890883000
1386885663000
1386876460000
1386875703000
1386869525000
1386859110000
1386854012000
1386842475000
1386822080000
1386788456000
1386763683000
1386732007000
1386731509000
1386703858000
1386703305000
1386702348000
1386701807000
1386677914000
1386666861000
1386637712000
1386626353000
1386623457000
1386622817000
1386622115000
1386620743000
1386610964000
1386607767000
1386607120000
1386595410000
1386548883000
1386544806000
1386542521000
1386529950000
1386524849000
1386521809000
1386472394000
1386469598000
1386455346000
1386425525000
1386418451000
1386417063000
1386412021000
1386409947000
1386402960000
1386399003000
1386387752000
1386384473000
1386383633000
1386381962000
1386380823000
1386366915000
1386363644000
1386360616000
1386357333000
1386356994000
1386351049000
1386350163000
1386341312000
1386307253000
1386300982000
1386291545000
1386288464000
1386280486000
1386272958000
1386255853000
1386249295000
1386238362000
1386238023000
1386237379000
1386218386000
1386203448000
1386186348000
1386178236000
1386178099000
1386142271000
1386123874000
1386119086000
1386116219000
1386108187000
1386103987000
1386094409000
1386083765000
1386046892000
1386042805000
1386040144000
1386037717000
1386036272000
1386008579000
1386007029000
1385993624000
1385992353000
1385985605000
1385983920000
1385982000000
1385934123000
1385930446000
1385929255000
1385929182000
1385927321000
1385924087000
1385917989000
1385914198000
1385898850000
1385884922000
1385883942000
1385876033000
1385842810000
1385836615000
1385824765000
1385821349000
1385819273000
1385813177000
1385810585000
1385808022000
1385806625000
1385778974000
1385776204000
1385760982000
1385755206000
1385753693000
1385750717000
1385744922000
1385740222000
1385734449000
1385733497000
1385729959000
1385727562000
1385715104000
1385706642000
1385681762000
1385677580000
1385668234000
1385665260000
1385664459000
1385661538000
1385660785000
1385652594000
1385649579000
1385648199000
1385643870000
1385643543000
1385638813000
1385637860000
1385635289000
1385614320000
1385611184000
1385610594000
1385592620000
1385588460000
1385587090000
1385583468000
1385579269000
1385572888000
1385571192000
1385570019000
1385569760000
1385569663000
1385568840000
1385568317000
1385567506000
1385566833000
1385566799000
1385565581000
1385565105000
1385564338000
1385557217000
1385554785000
1385535102000
1385525164000
1385510988000
1385500490000
1385476576000
1385434940000
1385420584000
1385414169000
1385408808000
1385394665000
1385391353000
1385318999000
1385294934000
1385292940000
1385291275000
1385286158000
1385267620000
1385253278000
1385253231000
1385248228000
1385242542000
1385241740000
1385226843000
1385225406000
1385221336000
1385218321000
1385215758000
1385211718000
1385211372000
1385203470000
1385202454000
1385198642000
1385180591000
1385171747000
1385162999000
1385146452000
1385135246000
1385128847000
1385089754000
1385088349000
1385085528000
1385067844000
1385054432000
1384984573000
1384953033000
1384951294000
1384951079000
1384947933000
1384938583000
1384936450000
1384926890000
1384919333000
1384901788000
1384901586000
1384898328000
1384897319000
1384895509000
1384889796000
1384886881000
1384883487000
1384875281000
1384868368000
1384865589000
1384859909000
1384854541000
1384848115000
1384844344000
1384842644000
1384830401000
1384829997000
1384824975000
1384824485000
1384824381000
1384822833000
1384821892000
1384817949000
1384815501000
1384815356000
1384811901000
1384811641000
1384810254000
1384810024000
1384809815000
1384807910000
1384806463000
1384803717000
1384802378000
1384799818000
1384790971000
1384786405000
1384774058000
1384769133000
1384765988000
1384763743000
1384763683000
1384762618000
1384761978000
1384760011000
1384745038000
1384742764000
1384735649000
1384717720000
1384711040000
1384700906000
1384699390000
1384690540000
1384690526000
1384690204000
1384689611000
1384650007000
1384576006000
1384566321000
1384565432000
1384551382000
1384549129000
1384547434000
1384546435000
1384525496000
1384502249000
1384496715000
1384489553000
1384466318000
1384455512000
1384436789000
1384436056000
1384422399000
1384385138000
1384384315000
1384377852000
1384376442000
1384370309000
1384358672000
1384358462000
1384356806000
1384351239000
1384327767000
1384320891000
1384273729000
1384267348000
1384266905000
1384261552000
1384259164000
1384241285000
1384227705000
1384218410000
1384197084000
1384176511000
1384142484000
1384133383000
1384098994000
1384083484000
1384060044000
1384054378000
1384016526000
1383990423000
1383982166000
1383966942000
1383951859000
1383951285000
1383949661000
1383939116000
1383937252000
1383932248000
1383929812000
1383923647000
1383922993000
1383922295000
1383918161000
1383899476000
1383882329000
1383871773000
1383864361000
1383860461000
1383838192000
1383835736000
1383827025000
1383781217000
1383771681000
1383760128000
1383759125000
1383745974000
1383727520000
1383694302000
1383693924000
1383691491000
1383686377000
1383673631000
1383673227000
1383599236000
1383511520000
1383467716000
1383442130000
1383429685000
1383354311000
1383331817000
1383234679000
1383229079000
1383223267000
1383203650000
1383094763000
1383093699000
1383089575000
1383085276000
1383084677000
1383073922000
1383071640000
1383069544000
1383067229000
1383066312000
1382960353000
1382933542000
1382916887000
1382908005000
1382889516000
1382714034000
1382667514000
1382630436000
1382554388000
1382539982000
1382480638000
1382479535000
1382432588000
1382423898000
1382386670000
1382377822000
1382371572000
1382370947000
1382366909000
1382365357000
1382363511000
1382210488000
1382185865000
1382074586000
1381856612000
1381848127000
1381783499000
1381778613000
1381683519000
1381431132000
1381419166000
1381397723000
1381361239000
1381336820000
1381327211000
1381277934000
1381267603000
1381192900000
1381042134000
1381001643000
1380938590000
1380925413000
1380912742000
1380907836000
1380874095000
1380809186000
1380805326000
1380778462000
1380769342000
1380765673000
1380757088000
1380747271000
1380742836000
1380741163000
1380733813000
1380732786000
1380686039000
1380565895000
1380556742000
1380541717000
1380541537000
1380523170000
1380308828000
1380284444000
1380272718000
1380043692000
1380014705000
1379992879000
1379965138000
1379521885000
1379422817000
1379356852000
1379222372000
1379204406000
1379028779000
1378978662000
1378917933000
1378896130000
1378883989000
1378796533000
1378724195000
1378634484000
1378603340000
1378599469000
1378495266000
1378480181000
1378472692000
1378442560000
1378386226000
1377989875000
1377987131000
1377970341000
1377961440000
1377791734000
1377791218000
1377744149000
1377731620000
1377727078000
1377685713000
1377617506000
1377603520000
1377558310000
1377550674000
1377345083000
1377182992000
1377070356000
1377031003000
1376982470000
1376925884000
1376905368000
1376834835000
1376779094000
1376697476000
1376514552000
1376469522000
1376413902000
1376380793000
1376330938000
1376319881000
1376318296000
1376258153000
1376178195000
1375738804000
1375655305000
1375652102000
1375629656000
1375592191000
1375576391000
1375405735000
1375278581000
1375205422000
1375195793000
1375168399000
1375113568000
1374955259000
1374919083000
1374869674000
1374780199000
1374707520000
1374703076000
1374666605000
1374636109000
1374629905000
1374193661000
1374175628000
1374164746000
1374087785000
1373910188000
1373903164000
1373899370000
1373898906000
1373891378000
1373647231000
1373580777000
1373575642000
1373558295000
1373479610000
1373383808000
1373380485000
1373276912000
1373252436000
1373227442000
1373159147000
1373144347000
1373122293000
1373037136000
1372941930000
1372920852000
1372893570000
1372875833000
1372862346000
1372763868000
1372748165000
1372695189000
1372618933000
1372607103000
1372550617000
1372363762000
1372337515000
1372271599000
1372182454000
1372179957000
1372179843000
1372170642000
1372169402000
1372146137000
1372067668000
1372057959000
1372047253000
1372029190000
1372009928000
1371911962000
1371789664000
1371680552000
1371627213000
1371383416000
1371365114000
1371283740000
1371258989000
1371192100000
1371162604000
1371150283000
1371040796000
1370979244000
1370944207000
1370807330000
1370772649000
1370769938000
1370768260000
1370767102000
1370544693000
1370368098000
1370359160000
1370319473000
1370249988000
1369976766000
1369833170000
1369819544000
1369787026000
1369779145000
1369770676000
1369624543000
1369592574000
1369551512000
1369504787000
1369373852000
1369251404000
1369232828000
1369230684000
1369131694000
1369073052000
1369059043000
1369021735000
1368962395000
1368958026000
1368917226000
1368901429000
1368892867000
1368871688000
1368828727000
1368823533000
1368786409000
1368779478000
1368779369000
1368778293000
1368724728000
1368619610000
1368585985000
1368578972000
1368550170000
1368521519000
1368490085000
1368483676000
1368478628000
1368280365000
1368207041000
1368138517000
1368080583000
1368072626000
1368030527000
1367991506000
1367954578000
1367939021000
1367918972000
1367905039000
1367629957000
1367591364000
1367582985000
1367578388000
1367568950000
1367450889000
1367450452000
1367450200000
1367438087000
1367435481000
1367406464000
1367394966000
1367375330000
1367311612000
1367185297000
1367174639000
1367172512000
1366995474000
1366888582000
1366888266000
1366877102000
1366851516000
1366735822000
1366680815000
1366666349000
1366664371000
1366579499000
1366509160000
1366412678000
1366372659000
1366347424000
1366303391000
1366292166000
1366242170000
1366235512000
1366233819000
1366182625000
1366176151000
1366173241000
1366121691000
1366119084000
1366113928000
1366077247000
1366076963000
1366072435000
1366047050000
1366037480000
1366034504000
1366023757000
1366018165000
1366006489000
1366006448000
1365996020000
1365939132000
1365936752000
1365929538000
1365921788000
1365903710000
1365881391000
1365852479000
1365849610000
1365821882000
1365805733000
1365788137000
1365787043000
1365780506000
1365772049000
1365770855000
1365765060000
1365764408000
1365758228000
1365756332000
1365749968000
1365747443000
1365728688000
1365727687000
1365727427000
1365721150000
1365718801000
1365716650000
1365709007000
1365708565000
1365706370000
1365702434000
1365702158000
1365699917000
1365698510000
1365694510000
1365693155000
1365690779000
1365683148000
1365678702000
1365665489000
1365652478000
1365651581000
1365651120000
1365646641000
1365643979000
1365642297000
1365641471000
1365636266000
1365636074000
1365635629000
1365634219000
1365633337000
1365632065000
1365630734000
1365630732000
1365628685000
1365628649000
1365627486000
1365626494000
1365625100000
1365624984000
1365623927000
1365623841000
1365623658000
1365623183000
1365622014000
1365620597000
1365618316000
1365618273000
1365617498000
1365616574000
1365614664000
1365613754000
1365607206000
1365605996000
1365584789000
1365581901000
1365543681000
1365538575000
1365538176000
1365536698000
1365533649000
1365532827000
1365531462000
1365522674000
1365519702000
1365518436000
1365515112000
1365513824000
1365504708000
1365471237000
1365447227000
1365446018000
1365443227000
1365437483000
1365436858000
1365426545000
1365424478000
1365417579000
1365411002000
1365410574000
1365391369000
1365352464000
1365290532000
1365274750000
1365250892000
1365241185000
1365194409000
1365169609000
1365129734000
1365108665000
1365096504000
1365095684000
1365091034000
1365090087000
1365087432000
1365084724000
1365082297000
1365074336000
1365061263000
1365035234000
1365028267000
1365026181000
1365019814000
1365014386000
1365001813000
1365001406000
1365000912000
1364999681000
1364995297000
1364987327000
1364986925000
1364984889000
1364983236000
1364978034000
1364946494000
1364930113000
1364923659000
1364917528000
1364914790000
1364895319000
1364881924000
1364877999000
1364875075000
1364874307000
1364852299000
1364846434000
1364771789000
1364757713000
1364694336000
1364631802000
1364603206000
1364580080000
1364550517000
1364548729000
1364536197000
1364524867000
1364513632000
1364509913000
1364504250000
1364465058000
1364425119000
1364413604000
1364410370000
1364397882000
1364377313000
1364373996000
1364355264000
1364353701000
1364349328000
1364333055000
1364316428000
1364297663000
1364242640000
1364230072000
1364225516000
1364202610000
1364140296000
1364138426000
1364113401000
1364043477000
1364033004000
1364006063000
1363996609000
1363987741000
1363973831000
1363961206000
1363895958000
1363883773000
1363834526000
1363821593000
1363819514000
1363807439000
1363777348000
1363738191000
1363718192000
1363662538000
1363305933000
1363220372000
1363194871000
1363129969000
1363051112000
1362965777000
1362626418000
1362622553000
1362599281000
1362586763000
1362581870000
1362491811000
1362434634000
1362423942000
1362188406000
1362110302000
1362066519000
1362057946000
1362011307000
1361997368000
1361780259000
1361774352000
1361760707000
1361595437000
1361468353000
1361181553000
1361166249000
1361137363000
1360942996000
1360916948000
1360526269000
1360195076000
1359905179000
1359904566000
1359820682000
1359708587000
1359612298000
1359512430000
1359106440000
1359104711000
1358791553000
1358620326000
1358272151000
1358263015000
1357881909000
1419977863000
1419967976000
1419959441000
1419923172000
1419905560000
1419874056000
1419775935000
1419767461000
1419728338000
1419702083000
1419694542000
1419691842000
1419686368000
1419683417000
1419681130000
1419655840000
1419645641000
1419636090000
1419625097000
1419610286000
1419609940000
1419603209000
1419582611000
1419543856000
1419524192000
1419453703000
1419448930000
1419365520000
1419306965000
1419253196000
1419235503000
1419206868000
1419180937000
1419169254000
1419122876000
1419113712000
1419098354000
1419090292000
1419089097000
1419079969000
1419075058000
1419035407000
1419034949000
1419029931000
1419019296000
1419009538000
1419008265000
1418956801000
1418945668000
1418911542000
1418882295000
1418879476000
1418874965000
1418808609000
1418751965000
1418739954000
1418661744000
1418640903000
1418374620000
1418334349000
1418333876000
1418333093000
1418298811000
1418286579000
1418273924000
1418163750000
1418112712000
1418090535000
1418084089000
1418057518000
1418006699000
1417997931000
1417976509000
1417898970000
1417818048000
1417746509000
1417722114000
1417705366000
1417691904000
1417645460000
1417626344000
1417622747000
1417614500000
1417599463000
1417531578000
1417472178000
1417396014000
1417186468000
1417153337000
1417111824000
1417030209000
1417009038000
1416982035000
1416918576000
1416907940000
1416836195000
1416826939000
1416773316000
1416761860000
1416749416000
1416739995000
1416701865000
1416656926000
1416608040000
1416591290000
1416531554000
1416493724000
1416445910000
1416434142000
1416427989000
1416401250000
1416378060000
1416346997000
1416332596000
1416324572000
1416258527000
1416245887000
1416222025000
1416193093000
1416153499000
1416069007000
1416047409000
1416045234000
1415958195000
1415860656000
1415852672000
1415846612000
1415800195000
1415798144000
1415717374000
1415662167000
1415555950000
1415524617000
1415451132000
1415409578000
1415377764000
1415367043000
1415303113000
1415299041000
1415285099000
1415238225000
1415217813000
1415156278000
1415143862000
1415037364000
1414938609000
1414883696000
1414873493000
1414871285000
1414867541000
1414849230000
1414805408000
1414784003000
1414726018000
1414719590000
1414708211000
1414703740000
1414694948000
1414648971000
1414595953000
1414573857000
1414557133000
1414542280000
1414536074000
1414533205000
1414530710000
1414501253000
1414454536000
1414452981000
1414414634000
1414414389000
1414411193000
1414411179000
1414409607000
1414400366000
1414370136000
1414368056000
1414344113000
1414339419000
1414325783000
1414318253000
1414257891000
1414246225000
1414115449000
1414108444000
1414095918000
1414009123000
1413987432000
1413921138000
1413823539000
1413764072000
1413722055000
1413662548000
1413616158000
1413615962000
1413579465000
1413550142000
1413528738000
1413525415000
1413511647000
1413485455000
1413471315000
1413433927000
1413420096000
1413381934000
1413317110000
1413285367000
1413275410000
1413257411000
1413230745000
1413227412000
1413199571000
1413177075000
1413171015000
1413164305000
1413124291000
1413090791000
1412915652000
1412841872000
1412839809000
1412809299000
1412799143000
1412799143000
1412777241000
1412762282000
1412650760000
1412632412000
1412627100000
1412571806000
1412558247000
1412554969000
1412551511000
1412528195000
1412525573000
1412525024000
1412522569000
1412500310000
1412479521000
1412469597000
1412452729000
1412450412000
1412446973000
1412439549000
1412426007000
1412419757000
1412404684000
1412400556000
1412399231000
1412357826000
1412351315000
1412339191000
1412335175000
1412332234000
1412287496000
1412220885000
1412220472000
1412126663000
1412123051000
1412119006000
1412116148000
1412116074000
1412109468000
1412080044000
1412074813000
1412054931000
1412043669000
1412013312000
1412009632000
1411970057000
1411939865000
1411797240000
1411783856000
1411772654000
1411719191000
1411675979000
1411648420000
1411627685000
1411592301000
1411591666000
1411570261000
1411564908000
1411549016000
1411546808000
1411497080000
1411488575000
1411398201000
1411387788000
1411324148000
1411219072000
1411184697000
1411179163000
1411152955000
1411152680000
1411141491000
1411133988000
1411129220000
1411124461000
1411122822000
1411109495000
1411095417000
1411058884000
1410993000000
1410972775000
1410967247000
1410963708000
1410956283000
1410955400000
1410945105000
1410936128000
1410923743000
1410902475000
1410874255000
1410873981000
1410830247000
1410799873000
1410793341000
1410731095000
1410716801000
1410709396000
1410694095000
1410681794000
1410672231000
1410662669000
1410633705000
1410568929000
1410466232000
1410428827000
1410410692000
1410402334000
1410365702000
1410320522000
1410223303000
1410214424000
1410202932000
1410171351000
1410123931000
1410106872000
1410086760000
1410066381000
1409998977000
1409929765000
1409926612000
1409908344000
1409846415000
1409796522000
1409786392000
1409785557000
1409779239000
1409775382000
1409695599000
1409674010000
1409663329000
1409652650000
1409629534000
1409597528000
1409595799000
1409593950000
1409591330000
1409580317000
1409579510000
1409574249000
1409535829000
1409526062000
1409504738000
1409485160000
1409480916000
1409435704000
1409432236000
1409413676000
1409412364000
1409404800000
1409396188000
1409339722000
1409333424000
1409327269000
1409320219000
1409291974000
1409288204000
1409278631000
1409259465000
1409258496000
1409239840000
1409218863000
1409198854000
1409181320000
1409178334000
1409176560000
1409172859000
1409152556000
1409088609000
1409012519000
1408984212000
1408970226000
1408959189000
1408932260000
1408915698000
1408910220000
1408881614000
1408864006000
1408832751000
1408781559000
1408754679000
1408727686000
1408692905000
1408682252000
1408657712000
1408653539000
1408652237000
1408635834000
1408622414000
1408593616000
1408558431000
1408555212000
1408549186000
1408473848000
1408455140000
1408450124000
1408448123000
1408443016000
1408441249000
1408406901000
1408397886000
1408397400000
1408397400000
1408396865000
1408395128000
1408388043000
1408371236000
1408368114000
1408325127000
1408308209000
1408305983000
1408280413000
1408246212000
1408238846000
1408202018000
1408155214000
1408106619000
1408102587000
1408072212000
1408046112000
1408042835000
1408039214000
1408006607000
1408004843000
1407988128000
1407986370000
1407969940000
1407940236000
1407876054000
1407870205000
1407849348000
1407837482000
1407801718000
1407784281000
1407781431000
1407773985000
1407631633000
1407577763000
1407556092000
1407549847000
1407535847000
1407529363000
1407526960000
1407522572000
1407442564000
1407370126000
1407341956000
1407334995000
1407277860000
1407263922000
1407260226000
1407240776000
1407239922000
1407112289000
1407067040000
1407066755000
1407030563000
1407004502000
1406930581000
1406911436000
1406835248000
1406808030000
1406777375000
1406739664000
1406698968000
1406594652000
1406573422000
1406555406000
1406526734000
1406479989000
1406437146000
1406418632000
1406413659000
1406412365000
1406386266000
1406383324000
1406351063000
1406321029000
1406309952000
1406224744000
1406182006000
1406140738000
1406125526000
1406078927000
1406070296000
1406069675000
1406068739000
1406062072000
1406039373000
1406033343000
1406005496000
1405981177000
1405980518000
1405979312000
1405970736000
1405963025000
1405960876000
1405931685000
1405852229000
1405846064000
1405843322000
1405834350000
1405829721000
1405806254000
1405773369000
1405772366000
1405769608000
1405762960000
1405737044000
1405728474000
1405725559000
1405705186000
1405704315000
1405691659000
1405691019000
1405688269000
1405685673000
1405680030000
1405652918000
1405625947000
1405619630000
1405606305000
1405584741000
1405580640000
1405443295000
1405430127000
1405392033000
1405380023000
1405368379000
1405364690000
1405356096000
1405158129000
1405145103000
1405139727000
1405122977000
1404971836000
1404937449000
1404925584000
1404837827000
1404835210000
1404828371000
1404758995000
1404758960000
1404755363000
1404738380000
1404738114000
1404728622000
1404669413000
1404667783000
1404661779000
1404657485000
1404651191000
1404612389000
1404599744000
1404529915000
1404504419000
1404475752000
1404441175000
1404438894000
1404430410000
1404422048000
1404421658000
1404407093000
1404406285000
1404397488000
1404386456000
1404343526000
1404330663000
1404326144000
1404321480000
1404307749000
1404303241000
1404297881000
1404234729000
1404225238000
1404167891000
1404108061000
1404104182000
1404092599000
1404070123000
1404067934000
1404064192000
1404057959000
1403974406000
1403974270000
1403951206000
1403919878000
1403896892000
1403848975000
1403842724000
1403835223000
1403812482000
1403808222000
1403808182000
1403797244000
1403692996000
1403675817000
1403663097000
1403637305000
1403595843000
1403583962000
1403565264000
1403561793000
1403559105000
1403557995000
1403557915000
1403553336000
1403546383000
1403537285000
1403535394000
1403535216000
1403515313000
1403490205000
1403306205000
1403290963000
1403276997000
1403274778000
1403270962000
1403267433000
1403234637000
1403216718000
1403212383000
1403198457000
1403198212000
1403196423000
1403177661000
1403157014000
1403146149000
1403143012000
1403142323000
1403131735000
1403124317000
1403097826000
1403093492000
1403054445000
1403047488000
1403040061000
1403011413000
1403006102000
1402995795000
1402989543000
1402962924000
1402904584000
1402887654000
1402867841000
1402787456000
1402780738000
1402775565000
1402770872000
1402701819000
1402696675000
1402691828000
1402688539000
1402680879000
1402676728000
1402668195000
1402662610000
1402656906000
1402626572000
1402601992000
1402597583000
1402581946000
1402579135000
1402536840000
1402520526000
1402515279000
1402515252000
1402510970000
1402508031000
1402500132000
1402498462000
1402460812000
1402459325000
1402427589000
1402420361000
1402416514000
1402414495000
1402400684000
1402400255000
1402395840000
1402390557000
1402383094000
1402375083000
1402319438000
1402256352000
1402236751000
1402194553000
1402180251000
1402158096000
1402153352000
1402140472000
1402135774000
1402088119000
1402074081000
1402049337000
1402016373000
1402014171000
1402000321000
1401976253000
1401947548000
1401917652000
1401901006000
1401891079000
1401881656000
1401847407000
1401836064000
1401818915000
1401809788000
1401792078000
1401759373000
1401745590000
1401711539000
1401560010000
1401528227000
1401487275000
1401408666000
1401407077000
1401390084000
1401335378000
1401318258000
1401304146000
1401269024000
1401240052000
1401220978000
1401214198000
1401206008000
1401202661000
1401184347000
1401175060000
1401167786000
1401149888000
1401144169000
1401122675000
1401089142000
1401076266000
1401054497000
1401052534000
1401046614000
1401021443000
1401011934000
1400973224000
1400914362000
1400875273000
1400871956000
1400863541000
1400839355000
1400833322000
1400797931000
1400788987000
1400772543000
1400768537000
1400733446000
1400719693000
1400701801000
1400677607000
1400677007000
1400652241000
1400625734000
1400604682000
1400532061000
1400523248000
1400523151000
1400516888000
1400510249000
1400405679000
1400397884000
1400390675000
1400381700000
1400374300000
1400353135000
1400342841000
1400285170000
1400252354000
1400250057000
1400235419000
1400223046000
1400193623000
1400179023000
1400175385000
1400109008000
1400078488000
1400078005000
1400050582000
1400016898000
1400003177000
1399966015000
1399965780000
1399924567000
1399782711000
1399763907000
1399729873000
1399677622000
1399622722000
1399603472000
1399593053000
1399566661000
1399558434000
1399557990000
1399545197000
1399507138000
1399500710000
1399497778000
1399496920000
1399460677000
1399451419000
1399450503000
1399443484000
1399440795000
1399423303000
1399420630000
1399412916000
1399404792000
1399399422000
1399381156000
1399370428000
1399295634000
1399294753000
1399283323000
1399280448000
1399261216000
1399259057000
1399256519000
1399244456000
1399239838000
1399189097000
1399155316000
1399147939000
1399147416000
1399138811000
1399128564000
1399093844000
1399046933000
1399022685000
1398992941000
1398988357000
1398987432000
1398981143000
1398969063000
1398941948000
1398935454000
1398902266000
1398891643000
1398884123000
1398882225000
1398869281000
1398856343000
1398855250000
1398798906000
1398756677000
1398748824000
1398723887000
1398723781000
1398716522000
1398713832000
1398663922000
1398612828000
1398565214000
1398530970000
1398461090000
1398428644000
1398425565000
1398424536000
1398403580000
1398357442000
1398355827000
1398353412000
1398352806000
1398308169000
1398291649000
1398278143000
1398269421000
1398257849000
1398224553000
1398181822000
1398172742000
1398103823000
1397970887000
1397950516000
1397950179000
1397945237000
1397943863000
1397929164000
1397920424000
1397892142000
1397751568000
1397751109000
1397736181000
1397732975000
1397698749000
1397696765000
1397669204000
1397667616000
1397641975000
1397610494000
1397598453000
1397596368000
1397587208000
1397566574000
1397564454000
1397558305000
1397529228000
1397506469000
1397499900000
1397491908000
1397490847000
1397490125000
1397478821000
1397478215000
1397471999000
1397471778000
1397465702000
1397436427000
1397417858000
1397409433000
1397341199000
1397317856000
1397300170000
1397294259000
1397290629000
1397268347000
1397251359000
1397237654000
1397220818000
1397211142000
1397208759000
1397206192000
1397199026000
1397196141000
1397187218000
1397178766000
1397177577000
1397171614000
1397169602000
1397167840000
1397163460000
1397161209000
1397156796000
1397156165000
1397150609000
1397147427000
1397134802000
1397134400000
1397103283000
1397101562000
1397099715000
1397092600000
1397068891000
1397063686000
1397063592000
1397054306000
1397039787000
1397031738000
1396995244000
1396993643000
1396931696000
1396893714000
1396873485000
1396866650000
1396854785000
1396849167000
1396825260000
1396819562000
1396814712000
1396812105000
1396800206000
1396742479000
1396706786000
1396684096000
1396652947000
1396650990000
1396648626000
1396642627000
1396623273000
1396621235000
1396597632000
1396593477000
1396589865000
1396583303000
1396576186000
1396569250000
1396566786000
1396561305000
1396556397000
1396548289000
1396538082000
1396531494000
1396523297000
1396522035000
1396509164000
1396506687000
1396480278000
1396477591000
1396469591000
1396452729000
1396413964000
1396413700000
1396411374000
1396395052000
1396382710000
1396369860000
1396368408000
1396361109000
1396353226000
1396346567000
1396331960000
1396319269000
1396297255000
1396296048000
1396295139000
1396273272000
1396267940000
1396229213000
1396205139000
1396202642000
1396187632000
1396186010000
1396177988000
1396151397000
1396139529000
1396135974000
1396111838000
1396101870000
1396093338000
1396074060000
1396072114000
1396062452000
1396056953000
1396052003000
1396034890000
1396032479000
1396031356000
1396006607000
1396001804000
1395978597000
1395975349000
1395970427000
1395969200000
1395968660000
1395968339000
1395967986000
1395964260000
1395953093000
1395944186000
1395939484000
1395927460000
1395913320000
1395889385000
1395883230000
1395882313000
1395875397000
1395868399000
1395856988000
1395856876000
1395851526000
1395846215000
1395840152000
1395839746000
1395837445000
1395832976000
1395803857000
1395800184000
1395796430000
1395792752000
1395790399000
1395771679000
1395767943000
1395757300000
1395734935000
1395709423000
1395701954000
1395677064000
1395674985000
1395670159000
1395651227000
1395569987000
1395509986000
1395483256000
1395481018000
1395443433000
1395436039000
1395420915000
1395407054000
1395404875000
1395379951000
1395373103000
1395359231000
1395356918000
1395342315000
1395302305000
1395271041000
1395258506000
1395243278000
1395224100000
1395198920000
1395188471000
1395177912000
1395165405000
1395111468000
1395082054000
1395075103000
1395073704000
1395048240000
1395042828000
1395026392000
1395021870000
1395007376000
1394997167000
1394991536000
1394989170000
1394979776000
1394975852000
1394936408000
1394925519000
1394916894000
1394911951000
1394907778000
1394896264000
1394859256000
1394848715000
1394827247000
1394811574000
1394807695000
1394782998000
1394750917000
1394698815000
1394692913000
1394671488000
1394671423000
1394668566000
1394642423000
1394635850000
1394610566000
1394604289000
1394580719000
1394578628000
1394577955000
1394577242000
1394540432000
1394530895000
1394524968000
1394524933000
1394517328000
1394500879000
1394472680000
1394469721000
1394469073000
1394460405000
1394458586000
1394416604000
1394404442000
1394394128000
1394386376000
1394379883000
1394379692000
1394363353000
1394361681000
1394348989000
1394343371000
1394334595000
1394328758000
1394312644000
1394288222000
1394286141000
1394285983000
1394278331000
1394266126000
1394264511000
1394245038000
1394238004000
1394231164000
1394212189000
1394211269000
1394202657000
1394201934000
1394201754000
1394201503000
1394193899000
1394186881000
1394186061000
1394185980000
1394185442000
1394171330000
1394162700000
1394162297000
1394160421000
1394157645000
1394156360000
1394156165000
1394156031000
1394155639000
1394150087000
1394144789000
1394143401000
1394142961000
1394141869000
1394141134000
1394140854000
1394140068000
1394137835000
1394136098000
1394134322000
1394131660000
1394131201000
1394130344000
1394125764000
1394123662000
1394123039000
1394120713000
1394119948000
1394118381000
1394118288000
1394114716000
1394114684000
1394114370000
1394106273000
1394105489000
1394098503000
1394097178000
1394092470000
1394089399000
1394080846000
1394077947000
1394075772000
1394074811000
1394069080000
1394064336000
1394050991000
1394048119000
1394046045000
1394036155000
1394035102000
1394019634000
1394003893000
1393983770000
1393969101000
1393965588000
1393962030000
1393961876000
1393958326000
1393956410000
1393953051000
1393951424000
1393951163000
1393945097000
1393944885000
1393944205000
1393921392000
1393900237000
1393891973000
1393877081000
1393865636000
1393864018000
1393860109000
1393850959000
1393798511000
1393778756000
1393771243000
1393769629000
1393760629000
1393728804000
1393724729000
1393717312000
1393711749000
1393709478000
1393697818000
1393696971000
1393683357000
1393663909000
1393660563000
1393643491000
1393627508000
1393623209000
1393623000000
1393621995000
1393621209000
1393617901000
1393614374000
1393614316000
1393613295000
1393606167000
1393605054000
1393603490000
1393600827000
1393600820000
1393600655000
1393598627000
1393597052000
1393593355000
1393593176000
1393592890000
1393592680000
1393590268000
1393586188000
1393585668000
1393585423000
1393566048000
1393562218000
1393560780000
1393560023000
1393559703000
1393559193000
1393552345000
1393546048000
1393545287000
1393541854000
1393539590000
1393536389000
1393502336000
1393471466000
1393470956000
1393468031000
1393451417000
1393451311000
1393450296000
1393443254000
1393439586000
1393436934000
1393435281000
1393433861000
1393431145000
1393427534000
1393421660000
1393420324000
1393416639000
1393413130000
1393403522000
1393399926000
1393395221000
1393384575000
1393378559000
1393377190000
1393375845000
1393373055000
1393372221000
1393368225000
1393367194000
1393363566000
1393363417000
1393362548000
1393361098000
1393360071000
1393358993000
1393354270000
1393353317000
1393352516000
1393352159000
1393350432000
1393349854000
1393349605000
1393347972000
1393345415000
1393345066000
1393343167000
1393342828000
1393341558000
1393341047000
1393340589000
1393340325000
1393340213000
1393339238000
1393338672000
1393338483000
1393338137000
1393337587000
1393336077000
1393335211000
1393333413000
1393328437000
1393327391000
1393325782000
1393324115000
1393323538000
1393320544000
1393320404000
1393320073000
1393319039000
1393318457000
1393316859000
1393313891000
1393313207000
1393312950000
1393312557000
1393310121000
1393306402000
1393306388000
1393302891000
1393301921000
1393301378000
1393299714000
1393296794000
1393288574000
1393282869000
1393280081000
1393275605000
1393249900000
1393221084000
1393208243000
1393180080000
1393173498000
1393151417000
1393105055000
1393086663000
1393072394000
1393070791000
1393070640000
1393065213000
1393057364000
1393022934000
1392982966000
1392951080000
1392948278000
1392946300000
1392945267000
1392933196000
1392921142000
1392919824000
1392915507000
1392913198000
1392884881000
1392881999000
1392881096000
1392876069000
1392858831000
1392833380000
1392819779000
1392780148000
1392780146000
1392771245000
1392741006000
1392736483000
1392734129000
1392733529000
1392731029000
1392731020000
1392728889000
1392728560000
1392728451000
1392722285000
1392721205000
1392715640000
1392715408000
1392691361000
1392691261000
1392682831000
1392670803000
1392660453000
1392646395000
1392635029000
1392629116000
1392594777000
1392586306000
1392560026000
1392495600000
1392488351000
1392480775000
1392452274000
1392424650000
1392409651000
1392351683000
1392351029000
1392347825000
1392347330000
1392324646000
1392324208000
1392321147000
1392320170000
1392319555000
1392317799000
1392314757000
1392303329000
1392285044000
1392284463000
1392280255000
1392261346000
1392253920000
1392239884000
1392228140000
1392221443000
1392220993000
1392200784000
1392193095000
1392170307000
1392165483000
1392164663000
1392156794000
1392153768000
1392152106000
1392149906000
1392149680000
1392149118000
1392148360000
1392142903000
1392139978000
1392138845000
1392137271000
1392132459000
1392126547000
1392121105000
1392120351000
1392118521000
1392112465000
1392105292000
1392104160000
1392103312000
1392096080000
1392087136000
1392070975000
1392069386000
1392056892000
1392056565000
1392056138000
1392053261000
1392039498000
1392039414000
1392038900000
1392038650000
1392038491000
1392035465000
1392035402000
1392031970000
1392031406000
1392030059000
1392029650000
1392009733000
1392006635000
1391993670000
1391987442000
1391983763000
1391982397000
1391963590000
1391958703000
1391955716000
1391936613000
1391912521000
1391907254000
1391857595000
1391850540000
1391839640000
1391832416000
1391809971000
1391808194000
1391804004000
1391802339000
1391801957000
1391788406000
1391786982000
1391785379000
1391784727000
1391772677000
1391768910000
1391767180000
1391766518000
1391763630000
1391761543000
1391744294000
1391739218000
1391733892000
1391730383000
1391729906000
1391728282000
1391724581000
1391716483000
1391710708000
1391703498000
1391690689000
1391660515000
1391659300000
1391654457000
1391644557000
1391641218000
1391633081000
1391632214000
1391612154000
1391562335000
1391560529000
1391560145000
1391554253000
1391545924000
1391538434000
1391532121000
1391530211000
1391528194000
1391527475000
1391520906000
1391516493000
1391512271000
1391479458000
1391468690000
1391461058000
1391459291000
1391454578000
1391446709000
1391406241000
1391381854000
1391379689000
1391372453000
1391353271000
1391349695000
1391346002000
1391280281000
1391267024000
1391252021000
1391251101000
1391241914000
1391237585000
1391212188000
1391205233000
1391186012000
1391171607000
1391160588000
1391160349000
1391156721000
1391127801000
1391126633000
1391124131000
1391099408000
1391091842000
1391090451000
1391084161000
1391082894000
1391082800000
1391076895000
1391057499000
1391041475000
1391028277000
1391019683000
1391019483000
1391014229000
1391011047000
1390981100000
1390980630000
1390980313000
1390961559000
1390943231000
1390941348000
1390941194000
1390935838000
1390924914000
1390922455000
1390899008000
1390881729000
1390874786000
1390866819000
1390866145000
1390863686000
1390863316000
1390854546000
1390849135000
1390836067000
1390832316000
1390710263000
1390699321000
1390668844000
1390660963000
1390602611000
1390598959000
1390598753000
1390596349000
1390591567000
1390584364000
1390581100000
1390549153000
1390549085000
1390548494000
1390524677000
1390519643000
1390511727000
1390511706000
1390507300000
1390505872000
1390483404000
1390478875000
1390472775000
1390467601000
1390454517000
1390433759000
1390423369000
1390407354000
1390404345000
1390392299000
1390381945000
1390381468000
1390352505000
1390352250000
1390350315000
1390339692000
1390336449000
1390322302000
1390305097000
1390255685000
1390238330000
1390230266000
1390194487000
1390186845000
1390163451000
1390162478000
1390150308000
1390124779000
1390124452000
1390097254000
1390095839000
1390081649000
1390077315000
1390075765000
1390074735000
1390061628000
1390018217000
1389997673000
1389992209000
1389976646000
1389967864000
1389967593000
1389941410000
1389937059000
1389929573000
1389914812000
1389914647000
1389913384000
1389909206000
1389904328000
1389894914000
1389873396000
1389841684000
1389836339000
1389826028000
1389803450000
1389749074000
1389734903000
1389706529000
1389661440000
1389653058000
1389626917000
1389615524000
1389606736000
1389591530000
1389576123000
1389565343000
1389536624000
1389512043000
1389492144000
1389491523000
1389471050000
1389402129000
1389378617000
1389340704000
1389337475000
1389311898000
1389296919000
1389292484000
1389282966000
1389274497000
1389234624000
1389221561000
1389210582000
1389197663000
1389185923000
1389177425000
1389156994000
1389142798000
1389140267000
1389135646000
1389127365000
1389114756000
1389114007000
1389112189000
1389057639000
1389052207000
1389049783000
1389048073000
1389025926000
1389018689000
1388992011000
1388973491000
1388970229000
1388959072000
1388957570000
1388941727000
1388935572000
1388928398000
1388874515000
1388814003000
1388812342000
1388794712000
1388762732000
1388752621000
1388751879000
1388751697000
1388720893000
1388686182000
1388659062000
1388641957000
1388605480000
1388603879000
1388598691000
1388592207000
1388588615000
1388544122000
1451466680000
1451418157000
1451352080000
1451339926000
1451219528000
1451206923000
1451174699000
1451153628000
1451145186000
1451115309000
1450961407000
1450942220000
1450923689000
1450890085000
1450812318000
1450769414000
1450759800000
1450701003000
1450672282000
1450631092000
1450419902000
1450403965000
1450324728000
1450294697000
1450265770000
1450215910000
1450206541000
1450143576000
1450138228000
1450129600000
1450066935000
1450007568000
1449982104000
1449977467000
1449962791000
1449960502000
1449943146000
1449921646000
1449862724000
1449858042000
1449839350000
1449765702000
1449739548000
1449716502000
1449714543000
1449708610000
1449707776000
1449692477000
1449691195000
1449672318000
1449667817000
1449657677000
1449656483000
1449655967000
1449643923000
1449643909000
1449635073000
1449621601000
1449620615000
1449617443000
1449609223000
1449557212000
1449518778000
1449496161000
1449443785000
1449438676000
1449419842000
1449379516000
1449367170000
1449304030000
1449260069000
1449253985000
1449174023000
1449147085000
1449005414000
1448908250000
1448904388000
1448877253000
1448660138000
1448648697000
1448643882000
1448576027000
1448553613000
1448548392000
1448539685000
1448514746000
1448503399000
1448462796000
1448433852000
1448419806000
1448408680000
1448402296000
1448398577000
1448396445000
1448387741000
1448377215000
1448325792000
1448304642000
1448232978000
1448201993000
1448140011000
1448138921000
1448136704000
1448124309000
1448115552000
1448115206000
1448052364000
1448026797000
1447969917000
1447959045000
1447954757000
1447947654000
1447919563000
1447906310000
1447756824000
1447741383000
1447730978000
1447509774000
1447442120000
1447427123000
1447372603000
1447293551000
1447281280000
1447248750000
1447242363000
1447227115000
1447222998000
1447217607000
1447214165000
1447207922000
1447203998000
1447174597000
1447101142000
1447077047000
1447036205000
1446988077000
1446948512000
1446944677000
1446844781000
1446837816000
1446830564000
1446804586000
1446704564000
1446704470000
1446703849000
1446685575000
1446658800000
1446655498000
1446649959000
1446642892000
1446623896000
1446586211000
1446582868000
1446581558000
1446573637000
1446572235000
1446560117000
1446489038000
1446409828000
1446345178000
1446333600000
1446121574000
1446057309000
1445999949000
1445979349000
1445892430000
1445807501000
1445783725000
1445742690000
1445725326000
1445717668000
1445716952000
1445685145000
1445551703000
1445445012000
1445285634000
1445283807000
1445280151000
1445190631000
1445100866000
1445064909000
1445018954000
1444943172000
1444933834000
1444929091000
1444864264000
1444802928000
1444775915000
1444768304000
1444738219000
1444697483000
1444566001000
1444411826000
1444394302000
1444301420000
1444256272000
1444252910000
1444252387000
1444188858000
1444163353000
1444159806000
1444103013000
1444057738000
1443954602000
1443910947000
1443894361000
1443821177000
1443728879000
1443706591000
1443690617000
1443659080000
1443635358000
1443628797000
1443619661000
1443578270000
1443537172000
1443532612000
1443531475000
1443515101000
1443505612000
1443495855000
1443420755000
1443410661000
1443372693000
1443365702000
1443294817000
1443222963000
1443179038000
1443148706000
1443107363000
1442961654000
1442897103000
1442846030000
1442842353000
1442784570000
1442780704000
1442780641000
1442758230000
1442673135000
1442562902000
1442557839000
1442537480000
1442537338000
1442527292000
1442472977000
1442455844000
1442338651000
1442167692000
1442069324000
1441978744000
1441945813000
1441875247000
1441808303000
1441801484000
1441801328000
1441751754000
1441661188000
1441552587000
1441495399000
1441466771000
1441391178000
1441374246000
1441212279000
1441204811000
1441155984000
1441138623000
1441138609000
1441135180000
1441134603000
1441129413000
1441093180000
1441092483000
1441086304000
1441065801000
1441057847000
1440970543000
1440944981000
1440784447000
1440751781000
1440736212000
1440627398000
1440615407000
1440599610000
1440582301000
1440579323000
1440541368000
1440511907000
1440447260000
1440445043000
1440428168000
1440420761000
1440354651000
1440328475000
1440246731000
1440238716000
1440187681000
1440175597000
1440171142000
1440166856000
1440165171000
1440136995000
1440079343000
1440060652000
1440023738000
1440009060000
1439999220000
1439957371000
1439942905000
1439893809000
1439865571000
1439859945000
1439841182000
1439804509000
1439801369000
1439775585000
1439726868000
1439706610000
1439686216000
1439590189000
1439590084000
1439572730000
1439509776000
1439509113000
1439508880000
1439401082000
1439363862000
1439343940000
1439330532000
1439260284000
1439231413000
1439117884000
1439109614000
1439106336000
1439087412000
1439086925000
1439085398000
1439064856000
1438892574000
1438853541000
1438848011000
1438826716000
1438819068000
1438781210000
1438637216000
1438637215000
1438626300000
1438592828000
1438546568000
1438541733000
1438541542000
1438492540000
1438417154000
1438300532000
1438275820000
1438233499000
1438169204000
1438102094000
1438090211000
1438022040000
1438013279000
1437869274000
1437859856000
1437858895000
1437786247000
1437778997000
1437761772000
1437740972000
1437645419000
1437581391000
1437572707000
1437555781000
1437532959000
1437529448000
1437514254000
1437499101000
1437488514000
1437481903000
1437440527000
1437328477000
1437312017000
1437303361000
1437288484000
1437263886000
1437240720000
1437229784000
1437162686000
1437122010000
1437108726000
1437105390000
1437053594000
1437012136000
1436964004000
1436947042000
1436944426000
1436940310000
1436926888000
1436924118000
1436910268000
1436805095000
1436782311000
1436780341000
1436756676000
1436708771000
1436704198000
1436654486000
1436653798000
1436565464000
1436531738000
1436530321000
1436519314000
1436479033000
1436434470000
1436387220000
1436383822000
1436379478000
1436366056000
1436363917000
1436344209000
1436337987000
1436313524000
1436312954000
1436310033000
1436262673000
1436262116000
1436238757000
1436211671000
1436205056000
1436204188000
1436177336000
1436144422000
1436135068000
1436133732000
1436122803000
1436117051000
1436106349000
1436104419000
1436100705000
1436093368000
1436083014000
1435966957000
1435954897000
1435949104000
1435931612000
1435921815000
1435906581000
1435893421000
1435891055000
1435883282000
1435872747000
1435869070000
1435845673000
1435842428000
1435772698000
1435768318000
1435753650000
1435753054000
1435722456000
1435709603000
1435575997000
1435544657000
1435530741000
1435530653000
1435529559000
1435513396000
1435503058000
1435495171000
1435482214000
1435424097000
1435394729000
1435335746000
1435278264000
1435270131000
1435150022000
1435099108000
1435097343000
1435072582000
1435067637000
1435065924000
1435062839000
1435030813000
1434961175000
1434908677000
1434890828000
1434886475000
1434874343000
1434862273000
1434754870000
1434742966000
1434725098000
1434710704000
1434661701000
1434654679000
1434648837000
1434635948000
1434618749000
1434559933000
1434528842000
1434452834000
1434373092000
1434271410000
1434271391000
1434234451000
1434152110000
1434138848000
1434034043000
1434024439000
1433987405000
1433929567000
1433910833000
1433886169000
1433866914000
1433849763000
1433750690000
1433704514000
1433699108000
1433699036000
1433686382000
1433685796000
1433685754000
1433685187000
1433674209000
1433654166000
1433622450000
1433609379000
1433606792000
1433548279000
1433435412000
1433393372000
1433385361000
1433383108000
1433380547000
1433355112000
1433302053000
1433289107000
1433279039000
1433185741000
1433176639000
1433149588000
1433093023000
1433070943000
1433027725000
1432939842000
1432931783000
1432930729000
1432918525000
1432910531000
1432861142000
1432683062000
1432682245000
1432655330000
1432651927000
1432623227000
1432597224000
1432586388000
1432541316000
1432498848000
1432480242000
1432418297000
1432342574000
1432320002000
1432312617000
1432292007000
1432281738000
1432253628000
1432248769000
1432144131000
1432103882000
1432053242000
1432043109000
1432033353000
1431996496000
1431981584000
1431977762000
1431971648000
1431914494000
1431904773000
1431825768000
1431723969000
1431711932000
1431621337000
1431592761000
1431556363000
1431553871000
1431377960000
1431361182000
1431359527000
1431352103000
1431337974000
1431325357000
1431290870000
1431280641000
1431239411000
1431225012000
1431188198000
1431185275000
1431124199000
1431047605000
1430942832000
1430937573000
1430929442000
1430874660000
1430860930000
1430841086000
1430830398000
1430815104000
1430765458000
1430630066000
1430516013000
1430511714000
1430501177000
1430474116000
1430429206000
1430414035000
1430412488000
1430396117000
1430353529000
1430350411000
1430349518000
1430348301000
1430334743000
1430319913000
1430262907000
1430242468000
1430242399000
1430241927000
1430215878000
1430188198000
1430140119000
1430077612000
1430013266000
1429997291000
1429987055000
1429944793000
1429925498000
1429907581000
1429904492000
1429867318000
1429842612000
1429741284000
1429734992000
1429731423000
1429672437000
1429560016000
1429403053000
1429389010000
1429291793000
1429286682000
1429219685000
1429180773000
1429164963000
1429155851000
1429145368000
1429107588000
1429073663000
1429070470000
1429031034000
1428977688000
1428962889000
1428942550000
1428892188000
1428874525000
1428861412000
1428812755000
1428772953000
1428731348000
1428724539000
1428713967000
1428706475000
1428703549000
1428695984000
1428688149000
1428667896000
1428620958000
1428610880000
1428602420000
1428525668000
1428509212000
1428498538000
1428435149000
1428396371000
1428386803000
1428331933000
1428205590000
1428185866000
1428023180000
1427942413000
1427923917000
1427851535000
1427838872000
1427820169000
1427754155000
1427726689000
1427671876000
1427665925000
1427660929000
1427625120000
1427577312000
1427552488000
1427534692000
1427479750000
1427427970000
1427405591000
1427382877000
1427381407000
1427336541000
1427330014000
1427312433000
1427297420000
1427291582000
1427283011000
1427272061000
1427231853000
1427218298000
1427182020000
1427157493000
1427146480000
1427139985000
1427127232000
1427127232000
1427127232000
1427051221000
1427016037000
1426980525000
1426911886000
1426878226000
1426818617000
1426812209000
1426806620000
1426801756000
1426785331000
1426782511000
1426765004000
1426764176000
1426747980000
1426705575000
1426705412000
1426696637000
1426691863000
1426688110000
1426647251000
1426636645000
1426620920000
1426595090000
1426592941000
1426544026000
1426493479000
1426448122000
1426447222000
1426417683000
1426354212000
1426249477000
1426216876000
1426124971000
1426081694000
1426055550000
1426050882000
1426035087000
1426016943000
1425959603000
1425933822000
1425929171000
1425912246000
1425909435000
1425846731000
1425832045000
1425794914000
1425770412000
1425767521000
1425749152000
1425748908000
1425715071000
1425669806000
1425602097000
1425566039000
1425550674000
1425526222000
1425525896000
1425523916000
1425501910000
1425496734000
1425488249000
1425474132000
1425455928000
1425445324000
1425428078000
1425400184000
1425397930000
1425241952000
1425239477000
1425192392000
1425178462000
1425154718000
1425085869000
1425063262000
1424984610000
1424978545000
1424907721000
1424885965000
1424802499000
1424796203000
1424790141000
1424785891000
1424784265000
1424772903000
1424747189000
1424742732000
1424739759000
1424739733000
1424728309000
1424712373000
1424709190000
1424586898000
1424566993000
1424564897000
1424481747000
1424468729000
1424460799000
1424460160000
1424452346000
1424444526000
1424441937000
1424417382000
1424417382000
1424384236000
1424383153000
1424359283000
1424352618000
1424350752000
1424341504000
1424337524000
1424309245000
1424307611000
1424211816000
1424205324000
1424183405000
1424170754000
1424167223000
1424117415000
1424102750000
1424097602000
1424076109000
1424048616000
1424045447000
1424030529000
1424011923000
1424005201000
1423919314000
1423902365000
1423865110000
1423862967000
1423858722000
1423849526000
1423783106000
1423770964000
1423734486000
1423727706000
1423708470000
1423676618000
1423662147000
1423591388000
1423576155000
1423573346000
1423572944000
1423538266000
1423528944000
1423512488000
1423502935000
1423497538000
1423488259000
1423461793000
1423438884000
1423424131000
1423398610000
1423396161000
1423387816000
1423379603000
1423364295000
1423342455000
1423316014000
1423306643000
1423269882000
1423245071000
1423243221000
1423240856000
1423234930000
1423218751000
1423180560000
1423164149000
1423163114000
1423161124000
1423149186000
1423146743000
1423122977000
1423099264000
1423085621000
1423080457000
1423059167000
1423042866000
1423026132000
1423024457000
1423016962000
1422996516000
1422968411000
1422953365000
1422944895000
1422896649000
1422830174000
1422827210000
1422813970000
1422803526000
1422791046000
1422769938000
1422746291000
1422745098000
1422742122000
1422709032000
1422698544000
1422672533000
1422629598000
1422629218000
1422606082000
1422603363000
1422580332000
1422555576000
1422544368000
1422541885000
1422498176000
1422483532000
1422452362000
1422422501000
1422412161000
1422393148000
1422392370000
1422376159000
1422365210000
1422333529000
1422324335000
1422308244000
1422301017000
1422288919000
1422238134000
1422237636000
1422228023000
1422216086000
1422201876000
1422165202000
1422158393000
1422128700000
1422122055000
1422116467000
1422067391000
1422058291000
1422041300000
1422013776000
1422012610000
1421981772000
1421980832000
1421960163000
1421932361000
1421926134000
1421920224000
1421900745000
1421894589000
1421813461000
1421795314000
1421779864000
1421725161000
1421699969000
1421692723000
1421691387000
1421689574000
1421689232000
1421667000000
1421639775000
1421638074000
1421626221000
1421624976000
1421620223000
1421605811000
1421571996000
1421551515000
1421526115000
1421507946000
1421474712000
1421442146000
1421432312000
1421425535000
1421422190000
1421421801000
1421371176000
1421356242000
1421325640000
1421314211000
1421280259000
1421271500000
1421270204000
1421263737000
1421263031000
1421260619000
1421256820000
1421246664000
1421233813000
1421227062000
1421224361000
1421223097000
1421223062000
1421221747000
1421221506000
1421219545000
1421197012000
1421195165000
1421191467000
1421186232000
1421168224000
1421163010000
1421146416000
1421145804000
1421125210000
1421122124000
1421112426000
1421028610000
1421027353000
1421017201000
1421001486000
1420984311000
1420958628000
1420953861000
1420932181000
1420903888000
1420884731000
1420848079000
1420841470000
1420831660000
1420822835000
1420810210000
1420802146000
1420795001000
1420792107000
1420771364000
1420735080000
1420735071000
1420723222000
1420721471000
1420712869000
1420689421000
1420680858000
1420670207000
1420653839000
1420641002000
1420620483000
1420587620000
1420585783000
1420560845000
1420540268000
1420518188000
1420506692000
1420499539000
1420493453000
1420491117000
1420480506000
1420462090000
1420445339000
1420443486000
1420432620000
1420410858000
1420410610000
1420406008000
1420405707000
1420400516000
1420398609000
1420389389000
1420385000000
1420372771000
1420352530000
1420338215000
1420321793000
1420279765000
1420275540000
1420274013000
1420247379000
1420224568000
1420201888000
1420144211000
